paint
07882250554;
07794904437;
07490492747;
07466532289;
07849686610;
07706600646;
07762889483;
usunac
07455872553;
07511419079;
07519164891;
07941396094;
07510480723;
07341705445;
labour
07594980128;
07592760111;
07535506966;
07588457551;
07534028722;
07935078699;
07720248115;
07467876727;
07999034732;
07892810573;
carp
07809142651;
all
07466889333;
07760824171;
07377224116
labour
07587890673;
07786421476;
07984806178;
07438367330;
07825462600;
07448131220;
07448474582;
07847226180;
07448070243;
07543287850;
07704973882;
07774805066;
07448115572;
07736584547;
07451241062;
07459715747;
07402111880;
07448481922;
07878785907;
07592760111;
07864597910;
07881555780;
07709292656;
07568336020;
07713199067;
07448460671;
07448987067;
07404419969;
07933878483;
07904002539;
07404602292;
07423662391;
07702829879;
07783221471;
paint
07709154061;
07426089693;
07736776878;
07709292656;
carp
07826780454;
carptr
07405264076;
07405264076;
