paint
+447882250554
+447794904437
+447490492747
+447466532289
+447849686610
+447706600646
+447762889483
usunac
+447455872553
+447511419079
+447519164891
+447941396094
+447510480723
+447341705445
labour
+447594980128
+447592760111
+447535506966
+447588457551
+447534028722
+447935078699
+447720248115
+447467876727
+447999034732
+447892810573
carp
+447809142651
all
+447466889333
+447760824171
07377224116
labour
+447587890673
+447786421476
+447984806178
+447438367330
+447825462600
+447448131220
+447448474582
+447847226180
+447448070243
+447543287850
+447704973882
+447774805066
+447448115572
+447736584547
+447451241062
+447459715747
+447402111880
+447448481922
+447878785907
+447592760111
+447864597910
+447881555780
+447709292656
+447568336020
+447713199067
+447448460671
+447448987067
+447404419969
+447933878483
+447904002539
+447404602292
+447423662391
+447702829879
+447783221471
paint
+447709154061
+447426089693
+447736776878
+447709292656
carp
+447826780454
carptr
+447405264076
00447405264076